vt=9.16667 V

subvt=-0.339216 V/decade

