vt=9.42623 V

subvt=-5.60744 V/decade

