vt=10.1007 V

subvt=-0.0800555 V/decade

vt=10.0853 V

subvt=-0.0539751 V/decade

vt=10.025 V

subvt=-0.0934905 V/decade

