vt=9.6749 V

subvt=-0.0632903 V/decade

vt=10.0399 V

subvt=-0.0674847 V/decade

vt=10.8379 V

subvt=-0.132793 V/decade
