vt=10.0271 V

subvt=-0.0807894 V/decade

vt=10.0399 V

subvt=-0.0674847 V/decade

vt=10.0463 V

subvt=-0.0773198 V/decade

