vt=7.34496 V

subvt=-0.0791958 V/decade

vt=10.1087 V

subvt=-0.078234 V/decade

vt=6.91284 V

subvt=-0.078953 V/decade
